1  1  0  0  1  0  0  1  0  0  1  0  0  1  0  0  1  0  0  1  0  0  1  0  0  1  0  0  1  0  0  1  132
2  1  0  0  1  0  0  1  0  0  1  0  0  1  0  0  1  0  0  1  0  0  1  0  0  1  0  0  1  0  0  1  132
3  1  0  0  1  0  0  1  0  0  1  0  0  1  0  0  1  0  0  1  0  0  1  0  0  1  0  0  1  0  0  1  132
4  1  0  0  1  0  0  1  0  0  1  0  0  1  0  0  1  0  0  1  0  0  1  0  0  1  0  0  1  0  0  1  132
5  1  0  0  1  0  0  1  0  0  1  0  0  1  0  0  1  0  0  1  0  0  1  0  0  1  0  0  1  0  0  1  132
6  0  1  0  1  0  0  1  0  0  1  0  0  1  0  0  1  0  0  1  0  0  0  1  0  1  0  0  1  0  0  1  132
7  0  1  0  0  1  0  0  1  0  0  1  0  0  1  0  0  1  0  0  1  0  0  1  0  0  1  0  0  1  0  0  120
8  0  1  0  0  1  0  0  1  0  0  1  0  0  1  0  0  1  0  0  1  0  0  1  0  0  1  0  0  1  0  0  120
9  0  1  0  0  1  0  0  1  0  0  1  0  0  1  0  0  1  0  0  1  0  0  1  0  0  1  0  0  1  0  0  120
10  0  1  0  0  1  0  0  1  0  0  1  0  0  1  0  0  1  0  0  1  0  0  1  0  0  1  0  0  1  0  0  120
11  0  1  0  0  1  0  0  1  0  0  1  0  0  1  0  0  1  0  0  1  0  0  1  0  0  1  0  0  1  0  0  120
12  0  1  0  0  1  0  0  0  1  0  1  0  0  1  0  0  1  0  0  1  0  0  1  0  0  1  0  0  1  0  0  120
13  0  0  1  0  0  1  0  0  1  0  0  1  0  0  1  0  0  1  0  0  1  0  0  1  0  0  1  0  0  1  0  120
14  0  0  1  0  0  1  0  0  1  0  0  1  0  0  1  0  0  1  0  0  1  0  0  1  0  0  1  0  0  1  0  120
15  0  0  1  0  0  1  0  0  1  0  0  1  0  0  1  0  0  1  0  0  1  0  0  1  0  0  1  0  0  1  0  120
16  0  0  1  0  0  1  0  0  1  0  0  1  0  0  1  0  0  1  0  0  1  0  0  1  0  0  1  0  0  1  0  120
17  0  0  1  0  0  1  0  0  1  0  0  1  0  0  1  0  0  1  0  0  1  0  0  1  0  0  1  0  0  1  0  120
18  0  0  1  0  0  1  0  0  1  0  0  1  0  0  0  1  0  1  0  0  1  0  0  1  0  0  1  0  0  1  0  120
